0 0.013
1 0.0045
2 0.0035
3 0.014
4 0.0071
5 0.0051
6 0.00054
7 0.033
8 0.055
9 0.045
10 0.018
11 0.011
12 0.067
13 0.007
14 0.014
15 0.019
16 0.024
17 0.045
18 0.05
19 0.031
20 0.0018
21 0.017
22 0.011
23 0.016
24 0.02
25 0.054
26 0.02
27 0.032
28 0.049
29 0.037
30 0.05
31 0.085
32 0.039
33 0.025
34 0.032
35 0.026
36 0.027
37 0.0095
38 0.012
39 0.0071
40 0.026
41 0.03
42 0.03
43 0.04
44 0.076
45 0.053
46 0.05
47 0.012
48 0.054
49 0.031
50 0.014
51 0.057
52 0.052
53 0.057
54 0.019
55 0.052
56 0.044
57 0.033
58 0.043
59 0.02
60 0.048
61 0.086
62 0.08
63 0.057
64 0.1
65 0.063
66 0.073
67 0.077
68 0.054
69 0.078
70 0.048
71 0.042
72 0.072
73 0.034
74 0.026
75 0.13
76 0.1
77 0.037
78 0.063
79 0.11
80 0.043
81 0.07
82 0.066
83 0.048
84 0.017
85 0.013
86 0.054
87 0.084
88 0.078
89 0.045
90 0.04
91 0.093
92 0.072
93 0.079
94 0.074
95 0.069
96 0.013
97 0.037
98 0.11
99 0.053
100 0.025
101 0.033
102 0.003
103 0.041
104 0.097
105 0.098
106 0.096
107 0.044
108 0.053
109 0.042
110 0.021
111 0.055
112 0.093
113 0.086
114 0.094
115 0.096
116 0.062
117 0.075
118 0.031
119 0.096
120 0.086
121 0.051
122 0.015
123 0.048
124 0.067
125 0.069
126 0.12
127 0.072
128 0.1
129 0.099
130 0.038
131 0.09
132 0.11
133 0.064
134 0.034
135 0.006
136 0.19
137 0.034
138 0.1
139 0.063
140 0.02
141 0.099
142 0.067
143 0.059
144 0.13
145 0.072
146 0.032
147 0.092
148 0.003
149 0.088
150 0.059
151 0.083
152 0.009
153 0.13
154 0.17
155 0.034
156 0.1
157 0.032
158 0.067
159 0.068
160 0.1
161 0.068
162 0.096
163 0.092
164 0.07
165 0.13
166 0.056
167 0.079
168 0.025
169 0.042
170 0.032
171 0.068
172 0.059
173 0.051
174 0.051
175 0.1
176 0.005
177 0.08
178 0.074
179 0.044
180 0.063
181 0.1
182 0.053
183 0.074
184 0.096
185 0.07
186 0.15
187 0.048
188 0.053
189 0.025
190 0.056
191 0.11
192 0.043
193 0.094
194 0.12
195 0.068
196 0.058
197 0.16
198 0.031
199 0.073
200 0.1
201 0.025
202 0.051
203 0.03
204 0.026
205 0.093
206 0.04
207 0.026
208 0.14
209 0.11
210 0.1
211 0.17
212 0.027
213 0.052
214 0.079
215 0.04
216 0.034
217 0.029
218 0.093
219 0.077
220 0.13
221 0.083
222 0.012
223 0.064
224 0.11
225 0.065
226 0.051
227 0.065
228 0.043
229 0.049
230 0.033
231 0.072
232 0.09
233 0.048
234 0.079
235 0.11
236 0.059
237 0.13
238 0.052
239 0.11
240 0.13
241 0.022
242 0.051
243 0.08
244 0.081
245 0.17
246 0.075
247 0.078
248 0.12
249 0.091
250 0.018
251 0.065
252 0.064
253 0.095
254 0.038
255 0.041
256 0.069
257 0.046
258 0.032
259 0.083
260 0.13
261 0.04
262 0.081
263 0.091
264 0.083
265 0.067
266 0.042
267 0.072
268 0.026
269 0.088
270 0.13
271 0.068
272 0.067
273 0.12
274 0.1
275 0.093
276 0.038
277 0.05
278 0.013
279 0.034
280 0.078
281 0.052
282 0.034
283 0.098
284 0.004
285 0.09
286 0.053
287 0.059
288 0.11
289 0.027
290 0.006
291 0.028
292 0.033
293 0.038
294 0.1
295 0.075
296 0.017
297 0.032
298 0.058
299 0.097
300 0.067